0 1
0 2
0 3
0 4
0 5
0 6
0 7
1 2
1 3
1 4
1 5
1 6
1 7
2 3
2 4
2 5
2 6
2 7
3 4
3 5
3 6
3 7
4 5
4 6
4 7
5 6
5 7
6 7
8 9
8 10
8 11
8 12
8 13
8 14
8 15
9 10
9 11
9 12
9 13
9 14
9 15
10 11
10 12
10 13
10 14
10 15
11 12
11 13
11 14
11 15
12 13
12 14
12 15
13 14
13 15
14 15
16 17
16 18
16 19
16 20
16 21
16 22
16 23
17 18
17 19
17 20
17 21
17 22
17 23
18 19
18 20
18 21
18 22
18 23
19 20
19 21
19 22
19 23
20 21
20 22
20 23
21 22
21 23
22 23
24 25
24 26
24 27
24 28
24 29
24 30
24 31
25 26
25 27
25 28
25 29
25 30
25 31
26 27
26 28
26 29
26 30
26 31
27 28
27 29
27 30
27 31
28 29
28 30
28 31
29 30
29 31
30 31
32 33
32 34
32 35
32 36
32 37
32 38
32 39
40 41
40 42
40 43
40 44
40 45
40 46
40 47
48 49
48 50
48 51
48 52
48 53
48 54
48 55
56 57
56 58
56 59
56 60
56 61
56 62
56 63
0 8
0 16
0 24
0 32
0 40
0 48
0 56
8 16
8 24
8 32
8 40
8 48
8 56
16 24
16 32
16 40
16 48
16 56
24 32
24 40
24 48
24 56
32 40
32 48
32 56
40 48
40 56
48 56
