0 1
0 2
0 3
0 4
0 5
0 6
0 7
0 8
0 9
0 10
0 11
0 12
0 13
0 14
0 15
0 16
0 17
0 18
0 19
0 20
0 21
0 22
0 23
0 24
0 25
0 26
1 2
1 3
1 4
1 5
1 9
1 27
1 28
1 6
1 11
1 13
1 29
1 15
1 21
1 30
1 31
1 10
1 32
1 24
1 33
1 34
1 18
1 35
1 19
1 36
1 37
1 38
1 39
1 40
1 41
1 8
1 42
1 43
1 44
2 45
2 46
2 47
2 48
2 49
2 20
2 10
2 11
2 26
2 50
2 30
2 35
2 16
2 51
2 27
2 52
2 53
2 3
2 54
2 55
2 23
2 56
2 57
2 31
2 58
2 17
2 59
2 60
2 61
2 62
2 41
2 9
2 43
2 29
2 63
2 34
2 64
2 40
2 12
2 65
2 24
2 66
2 18
2 67
2 68
2 69
2 70
2 71
2 72
2 73
2 74
2 75
2 39
2 21
2 5
2 38
2 76
2 77
2 78
2 79
2 80
2 81
2 82
2 7
2 83
2 84
2 85
2 86
2 8
2 37
2 87
2 44
2 88
2 89
2 90
2 91
2 92
2 93
2 32
2 94
2 95
2 96
2 97
2 98
2 99
2 100
2 101
2 102
2 103
2 104
2 105
2 106
2 36
2 107
2 108
2 109
2 110
2 111
2 112
2 113
2 33
2 114
2 115
2 116
2 117
2 118
3 45
3 46
3 47
3 48
3 119
3 49
3 20
3 10
3 11
3 26
3 30
3 35
3 16
3 27
3 52
3 53
3 54
3 55
3 23
3 56
3 57
3 31
3 58
3 17
3 59
3 60
3 61
3 62
3 41
3 9
3 43
3 29
3 63
3 34
3 64
3 40
3 12
3 65
3 24
3 66
3 18
3 67
3 68
3 69
3 70
3 71
3 72
3 73
3 74
3 75
3 39
3 21
3 5
3 79
3 76
3 97
3 78
3 87
3 120
3 88
3 7
3 38
3 121
3 111
3 122
3 37
3 84
3 102
3 123
3 124
3 125
4 126
4 42
4 14
4 49
4 20
4 10
4 11
4 26
4 30
4 51
4 55
4 23
4 57
4 17
4 41
4 9
4 34
4 24
4 66
4 18
4 74
4 21
4 5
4 127
4 6
4 92
4 8
5 126
5 45
5 42
5 128
5 48
5 129
5 14
5 20
5 10
5 130
5 11
5 50
5 131
5 132
5 133
5 35
5 16
5 134
5 27
5 53
5 54
5 57
5 31
5 58
5 60
5 61
5 41
5 9
5 43
5 29
5 63
5 64
5 12
5 65
5 24
5 70
5 72
5 73
5 74
5 75
5 39
5 135
5 136
5 137
5 7
5 138
5 139
5 140
5 141
5 142
5 143
5 144
5 145
5 146
5 147
5 148
5 97
5 149
5 44
5 6
5 150
5 151
5 152
5 153
5 111
5 154
5 155
5 36
5 156
5 15
5 157
5 158
5 118
5 8
5 159
5 160
5 161
5 162
5 107
5 163
5 164
5 165
5 166
5 38
5 167
5 168
5 169
5 121
5 170
5 171
5 105
5 116
5 172
5 173
5 113
5 19
5 174
5 175
5 176
5 177
5 106
5 178
5 179
5 180
5 112
5 181
5 182
5 183
5 81
5 184
5 185
5 101
5 186
5 187
5 188
5 32
5 189
5 190
5 191
5 192
5 193
5 194
5 195
5 196
5 197
5 198
5 199
5 200
5 201
6 45
6 42
6 14
6 49
6 20
6 10
6 11
6 26
6 30
6 35
6 55
6 23
6 58
6 17
6 41
6 9
6 34
6 24
6 18
6 74
6 21
6 127
6 78
6 19
6 8
7 46
7 47
7 14
7 11
7 30
7 35
7 16
7 58
7 17
7 59
7 62
7 41
7 12
7 24
7 66
7 18
7 71
7 74
7 39
7 94
7 202
7 125
7 79
7 203
7 101
7 82
7 38
7 76
7 114
7 204
7 84
7 124
7 87
7 205
7 206
7 78
7 207
7 208
7 19
7 105
7 102
7 209
7 210
7 120
7 211
7 33
7 212
7 213
7 214
7 215
7 216
7 217
7 218
8 42
8 48
8 10
8 11
8 26
8 50
8 35
8 27
8 23
8 56
8 57
8 58
8 17
8 41
8 9
8 43
8 29
8 64
8 65
8 24
8 73
8 44
8 141
8 146
8 36
8 106
8 219
8 220
8 116
8 13
8 109
8 173
8 221
8 88
9 45
9 222
9 223
9 14
9 20
9 10
9 11
9 224
9 26
9 30
9 35
9 16
9 27
9 23
9 31
9 58
9 17
9 41
9 225
9 115
9 18
9 13
9 21
9 24
9 38
9 226
9 37
9 44
9 32
9 29
9 39
9 19
9 106
9 227
9 101
9 150
9 34
9 228
9 15
9 183
10 45
10 46
10 47
10 229
10 42
10 230
10 223
10 14
10 49
10 231
10 232
10 132
10 233
10 234
10 235
10 130
10 236
10 11
10 25
10 224
10 16
10 13
10 26
10 17
10 21
10 22
10 23
10 24
10 18
10 237
10 238
10 58
10 35
10 37
10 210
10 29
10 239
10 19
10 240
10 77
11 45
11 222
11 241
11 46
11 242
11 47
11 229
11 42
11 119
11 223
11 14
11 49
11 20
11 224
11 79
11 24
11 127
11 16
11 105
11 35
11 12
11 58
11 41
11 193
11 202
11 71
11 38
11 243
11 244
11 245
11 32
11 246
11 44
11 171
11 247
11 39
11 248
11 110
11 249
11 101
11 250
11 26
11 17
11 78
11 251
11 74
11 92
11 13
11 252
11 253
11 62
11 27
11 254
11 237
11 255
11 256
11 257
11 53
11 238
11 240
11 176
11 114
11 258
11 259
11 260
11 261
11 113
11 262
11 76
11 69
11 263
11 264
11 265
11 266
11 97
11 267
11 268
11 83
11 269
11 204
11 270
11 214
11 271
11 272
11 226
11 273
11 274
11 275
11 276
11 277
11 278
11 279
11 280
11 281
11 66
11 282
11 283
11 284
11 285
11 286
11 29
11 287
11 288
11 150
11 289
11 290
11 291
11 292
11 293
11 294
11 87
11 295
11 59
11 296
11 297
11 70
11 298
11 299
11 300
11 301
11 147
11 116
11 168
11 302
11 303
11 304
11 305
11 306
11 307
11 308
11 210
11 309
11 310
11 311
11 21
11 84
11 312
11 31
11 158
11 173
11 140
11 88
11 142
11 139
11 313
11 18
11 314
11 25
11 315
11 316
11 317
11 318
11 319
11 213
11 320
11 321
11 322
11 112
11 323
11 324
11 325
11 326
11 327
11 183
11 328
11 125
11 192
11 329
11 330
11 331
11 332
11 95
11 333
11 23
11 334
11 335
11 336
11 337
11 338
11 106
11 339
11 340
11 341
11 342
11 64
11 343
11 82
11 344
11 30
11 345
11 346
11 347
11 348
11 349
11 350
11 239
11 111
11 351
11 195
11 352
11 353
11 219
11 354
11 355
11 356
11 80
11 357
11 358
11 359
11 122
11 209
11 360
11 361
11 362
11 115
11 363
11 121
11 364
11 365
11 366
11 367
11 368
11 369
11 370
11 371
11 372
11 123
11 373
11 374
11 375
11 93
11 376
11 377
11 51
11 378
11 379
11 380
11 381
11 96
11 382
11 383
11 384
11 385
11 386
11 387
11 94
11 388
11 81
11 85
11 86
11 55
11 389
11 207
11 390
11 43
11 391
11 392
11 393
11 394
11 218
11 395
11 396
11 56
11 397
11 398
11 399
11 400
11 401
11 402
11 52
11 144
11 403
11 404
11 405
11 406
11 407
11 408
11 409
11 410
11 411
11 412
11 413
11 211
11 414
11 415
11 416
11 68
11 417
11 418
11 221
11 177
11 419
11 420
11 421
11 422
11 423
11 424
11 205
11 425
11 426
11 427
11 428
11 429
11 430
11 431
11 432
11 433
11 33
11 19
11 434
11 435
11 436
11 437
11 438
11 439
11 440
11 441
11 442
11 443
11 108
11 444
11 445
11 446
11 447
11 448
11 449
11 227
11 450
11 451
11 452
11 453
11 454
11 455
11 456
11 457
11 458
11 459
11 107
11 460
11 461
11 462
11 136
11 463
11 464
11 22
11 465
11 75
11 466
11 467
11 216
11 468
11 469
11 470
11 471
11 472
11 473
11 474
11 475
11 476
11 477
11 191
11 478
11 479
11 480
11 481
11 482
11 483
11 484
11 485
11 486
11 487
11 488
11 228
11 489
11 490
11 491
11 492
11 493
11 494
11 495
11 496
11 497
11 91
11 498
11 499
11 500
11 501
11 502
11 89
11 503
11 504
12 126
12 46
12 47
12 42
12 20
12 30
12 35
12 16
12 53
12 23
12 31
12 58
12 17
12 60
12 62
12 41
12 64
12 97
12 171
12 76
12 38
12 505
12 71
12 37
12 18
12 78
12 105
12 110
12 84
12 106
12 183
12 94
12 150
12 113
12 207
12 19
12 176
12 506
12 24
13 14
13 27
13 17
13 41
13 158
13 78
14 45
14 229
14 42
14 230
14 507
14 223
14 231
14 132
14 233
14 234
14 235
14 508
14 232
14 49
14 130
14 28
14 509
14 35
14 41
14 16
14 237
14 26
14 226
14 24
14 17
14 336
14 25
14 387
14 171
14 460
14 37
14 30
14 359
14 210
14 20
14 58
14 267
14 357
14 374
14 101
14 176
14 70
14 150
14 240
14 27
14 97
14 239
14 115
14 66
14 213
14 510
15 94
15 19
16 45
16 46
16 242
16 47
16 229
16 119
16 49
16 20
16 26
16 30
16 35
16 41
16 38
16 79
16 87
16 71
16 39
16 105
16 171
16 270
16 97
16 84
16 58
16 76
16 311
16 62
16 101
16 83
16 17
16 37
16 319
16 213
16 244
16 511
16 31
16 512
16 66
16 216
16 78
16 256
16 21
16 107
16 18
16 331
16 24
16 368
16 290
16 114
16 342
16 69
16 192
16 358
16 397
16 361
16 263
16 261
16 513
16 514
16 386
16 371
16 515
16 210
16 94
16 53
16 376
16 120
16 251
16 357
16 102
16 267
16 516
16 70
16 374
16 237
16 57
16 43
16 123
16 116
16 277
16 465
16 115
16 249
16 203
16 433
16 19
16 25
16 468
16 265
16 176
16 150
16 82
16 448
16 329
16 239
16 206
16 517
16 317
16 215
16 214
16 64
16 518
16 385
16 519
16 520
16 221
17 46
17 47
17 224
17 26
17 35
17 56
17 57
17 58
17 216
17 87
17 39
17 204
17 214
17 114
17 416
17 68
17 66
17 78
17 460
17 37
17 62
17 206
17 38
17 79
17 212
17 240
17 59
17 76
17 125
17 71
17 94
17 69
17 180
17 22
17 217
17 107
17 237
17 521
17 120
17 110
17 18
17 205
17 113
17 165
17 439
17 102
17 84
17 320
17 203
18 126
18 222
18 241
18 46
18 242
18 47
18 224
18 35
18 41
18 374
18 44
18 71
18 76
18 38
18 105
18 397
18 19
18 336
18 118
18 113
19 42
19 128
19 507
19 35
19 27
19 60
19 41
19 43
19 29
19 64
19 65
19 24
19 70
19 73
19 44
19 136
19 139
19 146
19 147
19 149
19 118
19 161
19 225
19 105
19 168
19 174
19 113
19 173
19 522
19 510
20 42
20 223
20 49
20 231
20 235
20 27
20 130
20 171
20 237
20 150
20 105
20 24
20 101
20 97
20 37
20 53
20 240
20 267
20 523
20 210
20 283
20 107
20 176
20 41
20 328
20 374
20 282
20 116
20 349
20 177
21 229
21 55
21 94
21 228
21 78
21 32
21 524
22 242
22 26
23 42
23 35
23 525
23 207
23 182
23 526
23 527
24 45
24 47
24 42
24 419
24 30
24 35
24 58
24 41
24 34
24 202
24 528
24 71
24 101
24 115
24 25
24 195
24 111
24 351
24 142
24 237
24 458
24 374
24 106
24 37
24 304
24 107
24 357
24 399
24 267
24 529
24 150
24 70
24 438
25 45
25 46
25 47
25 35
26 45
26 222
26 241
26 46
26 242
26 47
26 229
26 224
26 530
26 233
26 531
26 234
26 35
26 114
26 70
26 464
26 204
26 37
26 66
26 214
26 462
26 94
26 392
26 144
26 403
26 77
26 460
26 32
27 45
27 229
27 42
27 532
27 133
27 30
27 533
27 508
27 232
27 41
27 58
27 53
27 140
27 88
27 44
27 534
28 126
28 45
28 229
28 42
28 128
28 129
28 507
28 49
28 130
28 535
28 163
28 51
28 536
28 50
28 133
28 537
28 233
28 181
28 132
28 40
28 44
28 43
28 538
28 539
29 58
29 32
29 39
29 492
30 229
30 42
30 224
30 35
30 41
30 34
30 88
30 58
30 505
30 37
30 150
30 357
31 126
31 46
31 42
31 35
31 53
31 540
31 58
31 39
31 41
31 76
31 88
31 44
31 200
31 97
31 105
31 541
32 35
32 58
32 39
32 526
33 74
33 331
33 472
33 542
34 44
35 222
35 241
35 46
35 242
35 47
35 42
35 119
35 49
35 127
35 62
35 543
35 58
35 202
35 97
35 39
35 71
35 38
35 79
35 78
35 76
35 114
35 83
35 89
35 204
35 37
35 41
35 214
35 216
35 544
35 87
35 203
35 112
35 59
35 66
35 107
35 120
35 82
35 211
35 239
35 77
35 125
35 84
35 523
35 206
35 208
35 282
35 64
35 545
35 94
35 105
35 397
35 170
35 392
35 53
35 57
35 546
35 96
35 70
35 74
35 118
35 209
35 210
35 215
35 110
35 237
35 547
35 217
35 323
35 44
35 88
35 101
35 421
35 188
35 548
35 517
35 549
35 150
35 386
35 207
35 184
35 69
35 416
35 68
36 42
36 182
36 44
36 550
37 47
37 551
37 552
37 49
37 58
37 59
37 41
37 70
37 553
37 237
37 554
37 108
37 97
37 150
37 115
37 38
37 171
37 374
37 555
37 219
37 244
37 287
37 556
37 557
37 558
37 434
37 559
37 110
37 560
37 561
37 562
37 563
37 564
37 123
37 565
37 566
37 567
37 387
37 568
37 569
37 473
37 570
37 571
37 572
37 573
37 574
37 575
37 78
37 576
37 340
37 113
37 239
37 373
37 452
37 577
37 578
37 294
37 393
37 579
37 580
37 581
37 582
37 583
37 584
37 524
37 585
37 586
37 92
37 587
37 588
37 376
37 254
37 314
37 589
37 590
37 253
37 591
37 274
37 339
37 592
37 471
37 593
37 594
37 303
37 503
37 89
37 595
37 480
37 596
37 597
37 598
37 599
37 600
37 601
37 602
37 603
37 282
37 604
37 605
37 606
37 399
37 607
37 267
37 608
37 609
37 610
37 611
37 612
37 613
37 614
37 615
37 88
37 468
37 278
37 616
37 617
37 618
37 619
37 620
37 621
37 101
37 370
37 408
37 329
37 90
37 622
37 623
37 261
37 624
37 625
37 444
37 626
37 176
37 627
37 481
37 628
37 629
37 630
37 317
37 631
37 632
37 633
37 290
37 634
37 270
37 635
37 636
37 637
37 638
37 639
37 640
38 46
38 47
38 58
38 62
38 41
38 43
38 40
38 66
38 71
38 39
38 331
38 94
38 79
38 97
38 105
38 312
38 114
38 84
38 76
38 78
38 397
38 378
38 641
38 87
38 642
38 547
38 102
39 46
39 47
39 42
39 119
39 536
39 56
39 58
39 62
39 41
39 66
39 71
39 643
39 320
39 644
39 323
39 645
39 646
39 521
39 79
39 87
39 92
39 97
39 84
39 647
39 114
39 250
39 120
39 204
39 648
39 493
39 78
39 415
39 649
39 421
39 650
39 651
39 652
39 102
39 213
39 205
39 211
39 503
39 373
39 206
39 653
39 500
39 94
39 125
39 306
39 430
39 105
39 490
39 654
39 655
39 414
39 343
39 656
39 526
39 310
39 657
39 372
39 590
39 658
39 80
39 659
39 660
39 661
39 662
39 663
39 664
39 216
39 665
39 492
40 42
40 44
40 539
41 126
41 45
41 46
41 47
41 229
41 42
41 130
41 50
41 131
41 132
41 53
41 58
41 171
41 163
41 237
41 105
41 97
41 150
41 183
41 116
41 176
41 319
41 213
41 106
41 210
41 64
41 140
42 126
42 45
42 222
42 242
42 229
42 666
42 667
42 668
42 669
42 533
42 670
42 671
42 536
42 672
42 223
42 673
42 44
42 50
42 674
42 675
42 49
42 132
42 676
42 677
42 129
42 507
42 678
42 679
42 133
42 128
42 680
42 537
42 182
42 681
42 58
42 419
42 510
42 682
42 131
42 181
42 130
42 331
42 683
42 684
42 550
42 685
42 186
42 686
42 687
42 688
42 57
42 689
42 164
42 690
42 691
42 692
42 534
42 693
42 694
42 695
42 356
42 696
42 697
42 698
42 699
42 700
42 701
42 702
42 703
42 704
42 705
42 706
42 707
42 526
42 708
42 709
42 51
42 231
42 710
42 711
42 712
42 713
42 55
42 714
42 715
42 716
42 717
42 718
42 719
42 53
42 720
42 721
42 722
42 723
42 724
42 725
42 726
42 727
42 728
42 729
42 730
42 80
42 731
42 732
42 733
42 734
42 735
42 736
42 737
42 738
42 739
42 740
42 741
42 538
42 742
42 743
42 744
42 745
42 746
42 43
42 747
42 748
42 749
42 750
42 751
42 752
42 753
42 754
42 755
42 756
42 233
42 757
42 758
42 649
42 759
42 760
42 761
42 762
42 527
42 763
42 764
42 765
42 766
42 767
42 768
42 769
42 770
42 771
42 772
42 773
42 774
42 775
42 776
42 777
42 778
42 779
42 780
42 781
42 782
42 783
42 784
42 785
42 786
42 787
42 788
42 789
42 790
42 791
42 792
42 793
42 794
42 564
42 795
42 796
42 797
42 798
42 799
42 800
42 801
42 802
42 803
42 804
42 805
42 806
42 807
42 808
42 809
42 810
42 811
42 812
42 813
42 814
42 815
42 816
42 161
42 817
42 818
42 532
42 819
42 820
42 821
42 822
42 823
42 824
42 825
42 826
42 827
42 828
42 829
42 830
42 831
42 832
42 833
42 834
42 835
42 836
42 837
42 838
42 839
42 840
42 841
42 842
42 843
42 844
42 845
42 846
42 847
42 848
42 849
42 850
42 851
42 852
42 853
42 854
42 855
42 856
42 857
42 171
42 858
42 234
42 859
42 860
42 861
42 862
42 863
42 864
42 865
42 866
42 867
42 868
42 869
42 870
42 871
42 872
42 873
42 874
42 875
42 876
42 539
42 877
42 238
42 878
42 879
42 880
42 60
42 881
42 882
42 883
42 884
42 885
42 886
42 887
42 888
42 889
42 890
42 891
42 892
42 893
42 894
42 895
42 896
42 897
42 898
42 899
42 900
42 901
42 902
42 903
42 904
42 905
42 906
42 907
42 908
42 909
42 910
42 911
42 912
42 913
42 914
42 915
42 916
42 917
42 918
42 919
42 920
42 921
42 922
42 923
42 924
42 925
42 926
42 927
42 928
42 929
42 930
42 931
42 932
42 933
42 934
42 935
42 936
42 937
42 451
42 938
42 939
42 940
42 941
42 942
42 943
42 944
42 945
42 946
42 947
42 948
42 247
42 949
42 950
42 951
42 952
42 953
42 954
42 955
42 956
42 957
42 958
42 959
42 960
42 961
42 962
42 963
42 964
42 965
42 966
42 967
42 968
42 969
42 970
42 971
42 972
43 58
43 113
43 78
43 973
43 539
43 974
44 45
44 129
44 975
44 976
44 977
44 539
44 978
44 506
44 979
126 45
126 128
126 682
126 229
126 980
126 981
126 132
126 50
126 130
126 223
126 536
126 133
126 230
126 507
126 982
126 983
126 231
126 766
126 129
126 182
126 181
126 131
126 984
126 537
126 173
126 194
126 174
126 985
126 986
126 157
126 57
126 53
126 186
45 987
45 230
45 988
45 989
45 990
45 675
45 129
45 507
45 130
45 991
45 532
45 131
45 132
45 133
45 50
45 530
45 992
45 670
45 536
45 993
45 994
45 980
45 681
45 995
45 537
45 996
45 997
45 998
45 999
45 1000
45 1001
45 223
45 49
45 268
45 533
45 1002
45 1003
45 981
45 1004
45 53
45 1005
45 460
45 331
45 682
45 233
45 673
45 1006
45 1007
45 1008
45 128
45 1009
45 1010
45 1011
45 1012
45 1013
45 1014
45 181
45 1015
45 234
45 677
45 749
45 1016
45 674
45 671
45 1017
45 1018
45 1019
45 1020
45 1021
45 667
45 1022
45 943
45 1023
45 182
45 741
45 1024
45 1025
45 1026
45 1027
45 1028
45 1029
45 1030
45 1031
45 1032
45 1033
45 1034
45 754
45 1035
45 1036
45 1037
45 1038
45 1039
45 676
45 1040
45 1041
45 1042
45 1043
45 776
45 1044
45 535
45 1045
45 1046
45 1047
45 1048
45 1049
45 1050
45 1051
45 356
45 1052
45 1053
45 672
45 1054
45 229
45 186
45 1055
45 1056
45 1057
45 1058
45 1059
45 680
45 1060
45 1061
45 419
45 1062
45 1063
45 58
45 1064
45 1065
45 528
45 1066
45 237
45 1067
45 1068
45 115
45 52
45 510
45 161
45 51
45 972
45 1069
128 229
128 51
128 132
128 536
128 58
128 670
128 507
128 181
128 133
128 682
128 130
128 80
682 229
682 130
682 1070
682 419
682 1071
682 1072
682 356
682 1073
682 1074
682 231
682 526
682 1075
682 1076
682 1077
682 1078
682 331
682 129
682 1079
682 1080
682 1081
682 1082
682 1083
682 1084
682 1085
682 1086
682 1087
682 1088
682 1089
682 1090
682 1091
682 558
682 1092
682 1093
682 1094
682 649
682 1095
682 1096
682 1097
682 1098
682 451
682 1099
682 1100
682 1101
682 674
682 1102
682 1103
682 50
682 1104
682 900
229 222
229 1105
229 551
229 552
229 1106
229 972
229 1107
229 999
229 130
229 1108
229 1109
229 998
229 1110
229 1111
229 1112
229 1043
229 1016
229 50
229 419
229 132
229 1113
229 1018
229 1114
229 129
229 1002
229 1115
229 334
229 51
229 1116
229 1117
229 670
229 1118
229 49
229 1119
229 553
229 1120
229 460
229 131
229 681
229 1121
229 507
229 237
229 554
229 676
229 1122
229 182
229 1123
229 1124
229 1034
229 1125
229 1005
229 667
229 230
229 1126
229 992
229 1127
229 1128
229 1004
229 754
229 674
229 1129
229 1130
229 1131
229 1022
229 1132
229 990
229 1047
229 1025
229 108
229 1133
229 1035
229 1134
229 1001
229 52
229 1135
229 1058
229 1031
229 1000
229 1136
229 1137
229 1138
229 1038
229 995
229 1139
229 1033
229 1140
229 1021
229 532
229 1141
229 1026
229 1050
229 1142
229 1143
229 675
229 1006
229 1054
229 1144
229 1145
229 1042
229 1146
229 1147
229 1148
229 1149
229 1003
229 1150
229 1151
229 1027
229 1066
229 1023
229 1152
229 1153
229 1154
229 776
229 1155
229 987
229 1051
229 1156
229 133
229 1157
229 1158
229 1159
229 181
229 1160
229 1161
229 533
229 1064
229 1162
229 1163
229 1010
229 1164
229 1024
229 177
229 1165
229 708
229 1166
229 1167
229 997
229 537
229 1168
229 1169
229 1028
229 1170
229 1029
229 1056
229 257
229 1171
229 1045
229 1046
229 1172
229 1065
229 1017
229 1173
229 1174
229 1175
229 1176
229 1177
229 1178
229 1179
229 1180
229 1181
229 1182
229 1183
229 1011
229 680
229 1184
229 1185
229 943
229 1069
229 1186
229 1187
229 1188
229 1189
229 1190
229 1191
229 1192
229 1193
229 1040
229 1030
229 1194
229 223
229 1195
229 536
229 1052
229 741
229 1196
229 535
229 1197
229 1198
229 1199
229 1200
229 1201
229 1202
229 1048
229 1203
229 1204
229 1205
229 981
229 225
229 1063
229 1206
229 1207
229 55
229 1208
980 981
980 225
980 167
132 972
132 230
132 129
132 507
132 223
132 49
132 130
132 532
132 50
132 1024
132 419
132 131
132 1209
132 1016
132 231
132 1210
132 1211
132 1212
132 1213
132 1214
132 1215
132 1011
132 1216
132 1217
132 1218
132 1005
132 1017
132 1044
132 1062
132 235
132 536
132 533
132 1059
132 460
132 133
132 1219
132 1021
132 510
132 181
132 537
132 182
132 699
132 550
132 747
50 675
50 129
50 507
50 223
50 130
50 1220
50 1221
50 1033
50 1024
50 419
50 1004
50 1173
50 677
50 1044
50 1059
50 530
50 133
50 1021
50 51
50 670
50 754
50 681
50 181
50 116
50 510
50 182
50 131
50 1222
50 537
50 674
50 550
50 379
50 527
50 186
130 230
130 667
130 129
130 507
130 223
130 49
130 537
130 1223
130 146
130 1023
130 231
130 536
130 674
130 51
130 1022
130 510
130 133
130 1224
130 182
130 181
130 131
130 741
130 1225
130 976
130 1226
130 186
223 222
223 972
223 230
223 129
223 507
223 49
223 231
223 537
223 1016
223 235
223 766
223 133
223 510
223 419
223 527
223 740
223 379
223 1227
223 234
223 186
536 129
536 133
536 1228
536 564
536 534
133 972
133 675
133 129
133 507
133 419
133 1004
133 131
133 1229
133 174
133 166
133 181
133 182
133 235
133 670
133 741
133 161
133 510
133 1230
133 1231
133 167
133 175
133 537
133 234
133 186
133 550
133 527
133 108
133 1232
133 1233
133 1234
133 231
133 1235
133 1225
133 1236
133 1237
133 1238
133 331
133 1239
133 1240
133 1241
133 379
133 1242
133 1243
133 1244
133 1245
133 530
133 1246
133 1247
133 1248
133 1249
133 1250
133 1251
133 1252
133 1253
133 1254
133 1255
133 1256
133 736
133 1257
133 1258
133 1259
133 1260
133 1261
133 1262
133 1263
133 1264
133 1265
133 1266
133 1267
133 1268
133 1269
133 1270
133 1271
133 1272
133 1273
133 1274
133 1275
133 1276
133 1277
133 233
133 1278
133 1279
133 1280
133 1281
133 1282
133 766
133 1283
133 1284
133 1285
133 915
133 51
230 1286
230 1060
230 532
230 1287
230 75
230 235
230 231
230 49
230 507
507 551
507 129
507 1018
507 674
507 550
507 419
507 171
507 1288
507 1289
507 1290
507 670
507 1291
507 49
507 1292
507 537
507 131
507 741
507 1293
507 1294
507 181
507 1295
507 1296
507 1004
507 1297
507 1298
507 1299
507 1300
507 1254
507 186
507 1301
507 1302
507 1303
507 532
507 1304
507 1016
507 1305
507 1306
507 1035
507 1307
507 1308
507 1309
507 1310
507 1251
507 1311
507 1312
507 1313
507 1314
507 1315
507 1316
507 161
507 1317
507 235
507 1318
507 754
507 1319
507 1320
507 1321
507 1322
507 1323
507 1324
507 1325
507 1326
507 1327
507 1328
507 1329
507 182
983 1330
231 129
231 49
231 1016
231 766
231 186
766 129
129 134
129 131
129 182
129 1044
129 1331
129 1332
129 1333
129 1036
129 49
129 174
129 1334
129 173
129 986
129 181
129 533
129 537
129 186
129 1335
129 1004
182 131
182 58
182 233
182 1227
182 331
182 510
182 1336
182 1337
182 1338
182 1339
182 1340
182 80
182 1341
182 1342
182 1224
182 1343
182 1344
182 1345
182 1346
182 1347
182 1348
182 741
182 1349
182 181
182 1350
182 1351
182 1352
182 1353
182 1354
182 1355
182 1356
182 1357
182 1358
182 1359
182 1360
182 1361
182 1362
182 1363
182 1364
182 1365
181 131
181 670
181 58
181 537
181 186
181 1003
181 174
181 175
181 985
181 1366
181 157
131 58
131 510
131 1350
131 1337
131 1224
131 537
537 533
537 550
537 186
57 58
53 105
53 58
53 103
53 107
53 97
53 171
53 1367
53 64
186 972
186 1368
186 419
186 1004
186 670
186 1290
186 510
186 1251
186 1328
186 741
186 161
186 1369
186 1242
186 1370
186 1276
186 1371
186 1269
186 1238
186 1247
186 1236
186 1372
186 1270
186 1373
186 1254
186 1239
186 1272
186 1258
186 1374
987 670
988 1368
988 1330
988 1020
532 533
530 1375
530 1159
530 1376
530 1377
530 233
530 1378
530 55
670 1105
670 677
670 673
681 1003
681 1379
1000 1001
49 222
49 233
49 234
49 235
49 55
49 419
49 171
49 237
49 741
268 1368
533 666
533 163
533 1380
533 1381
1002 1031
1004 1221
1004 510
331 119
331 1382
331 1383
331 1384
331 1385
331 1386
331 301
331 171
331 97
331 1387
331 1388
331 1389
331 304
331 1390
331 1391
331 1392
331 1393
331 1394
331 1395
331 364
331 86
331 253
331 1396
331 105
331 1397
331 1398
331 1399
331 1400
331 1401
331 455
331 354
331 355
331 1402
331 287
331 1403
331 1404
331 1405
331 1406
331 1407
331 1408
331 1409
331 1410
331 790
331 1411
331 1412
331 1413
331 1414
331 1415
331 1416
331 1417
331 1418
331 1419
331 1420
331 926
331 1421
331 1422
331 1423
331 1424
331 1425
331 1426
331 1427
331 1428
331 1429
331 1430
331 1431
331 1432
331 1433
331 1434
331 1435
331 1436
331 1437
331 898
331 1438
331 1439
331 1440
331 1441
331 1442
331 1443
331 1444
331 1445
331 1446
331 1447
331 1448
331 1449
331 369
331 1450
331 1451
331 1452
331 935
331 1453
331 1454
331 1455
331 1456
331 1457
331 1458
331 1459
331 1460
331 1461
331 1462
331 1463
331 1464
331 1465
331 1466
331 1467
331 1468
331 1469
331 1470
331 1471
233 972
233 419
233 55
233 1227
1006 1065
1010 1060
1014 1368
1014 1330
1014 1020
234 972
234 419
234 55
234 1227
234 379
234 527
1016 235
674 510
1018 1165
1018 510
1020 1105
1020 551
1020 1107
1020 51
1020 564
1020 1472
1020 1473
1020 80
1020 1474
1020 1475
1020 1476
1020 1116
1020 1477
1020 601
1020 1478
1020 1479
1020 1348
1020 1480
1020 1363
1020 1481
1020 108
1020 1482
1020 1483
1020 1041
1020 1484
1020 1485
1020 553
1020 1359
1020 1486
1020 1487
1020 1343
1020 1488
1020 1489
1020 1490
1020 1143
1020 1491
1020 1189
1020 1492
1021 419
667 666
667 972
943 666
1023 858
1023 1493
741 510
741 1371
754 972
754 1494
754 1495
1035 510
1036 1496
1037 1497
1037 1498
1041 1065
776 972
535 1050
1051 1065
672 666
1054 1065
1057 177
1061 1499
419 1105
419 1496
419 666
419 1286
419 1330
419 1500
419 1501
419 1502
419 804
419 1377
419 1331
419 1503
419 1375
419 510
419 1504
419 550
419 1505
419 862
419 713
419 704
419 739
419 538
419 1506
419 1507
419 1508
419 711
419 1509
419 1510
1063 1511
58 46
58 47
58 202
58 79
58 97
58 69
58 135
58 136
58 106
58 61
58 146
58 60
58 70
58 65
58 105
58 147
58 73
58 158
58 149
58 161
58 206
58 71
58 1512
58 76
58 78
58 87
58 216
58 62
58 193
58 94
58 84
58 101
58 114
58 195
58 111
58 351
58 142
58 124
58 66
58 546
58 267
58 115
58 212
58 605
58 120
58 183
58 254
58 150
58 211
58 252
58 88
58 1513
58 205
1065 1514
1065 1515
1065 1516
1065 1517
1065 1518
1065 1519
1065 1520
1065 1521
1065 1522
1065 1523
1065 1524
1065 1525
1065 1526
1065 1527
1065 1528
1065 1529
1065 1530
1065 1531
1065 1532
1065 1533
1065 1534
1065 1535
1065 1536
1065 1537
1065 1538
1065 1539
1065 1540
1065 1541
1065 1542
1065 1543
1065 1544
1065 1545
1065 1546
1065 1547
528 1548
237 242
237 239
237 171
237 359
237 1549
115 202
115 150
115 101
52 71
52 94
510 1368
510 1375
510 1288
510 1289
510 1292
510 1294
510 1270
510 1320
510 1550
510 1301
510 1305
51 666
51 1551
51 1552
51 1377
51 1553
972 1496
972 666
972 858
972 1551
972 721
972 1286
972 684
972 1554
972 1368
972 1227
972 1330
972 527
972 769
972 1502
972 1555
972 1234
222 241
222 46
222 242
222 47
222 543
222 71
222 69
222 96
222 531
222 62
222 527
222 668
222 151
241 242
241 46
241 543
241 47
241 71
241 62
241 69
46 242
46 543
46 47
46 1556
46 97
46 206
46 78
46 76
46 216
46 120
46 79
46 112
46 71
46 1557
46 416
46 203
46 87
46 94
46 514
46 215
46 204
46 214
242 548
242 47
242 69
242 71
242 1558
242 1556
242 62
242 543
242 94
242 79
242 1559
47 71
47 543
47 548
47 69
47 62
47 87
47 76
47 79
47 1560
47 78
47 421
47 204
47 125
47 114
47 214
47 205
47 206
47 94
47 215
47 97
47 212
47 657
47 143
47 70
47 1513
47 216
47 323
47 113
47 165
47 84
47 110
47 66
47 77
47 416
47 68
47 120
47 117
47 521
47 1512
47 1561
47 320
543 71
543 94
71 62
71 70
71 79
71 76
71 78
71 97
71 1562
71 87
71 114
71 214
71 204
71 392
71 113
71 1513
71 94
71 203
71 82
71 206
71 386
69 87
69 76
69 79
69 94
69 421
69 216
69 1513
96 62
96 66
62 76
62 79
62 214
62 78
62 124
62 216
62 120
62 87
62 125
62 657
62 211
62 94
62 114
62 102
62 97
62 206
62 66
527 1227
527 379
668 1563
97 119
97 64
97 70
97 177
97 147
97 76
97 171
97 78
97 328
97 662
97 101
97 176
97 150
97 654
97 1564
97 523
97 116
97 113
97 1565
97 409
97 283
97 196
97 1566
97 267
97 1567
206 56
206 94
206 79
206 87
206 216
206 205
206 1513
206 125
206 203
206 114
206 124
206 211
206 120
206 102
206 217
206 78
206 1568
206 514
206 215
206 212
206 657
206 76
78 59
78 66
78 70
78 94
78 79
78 118
78 107
78 87
78 216
78 125
78 102
78 76
78 84
78 547
78 113
78 386
78 114
78 307
78 211
78 82
78 212
78 414
78 546
78 215
78 217
78 1512
78 214
76 68
76 87
76 216
216 66
216 94
216 79
216 87
216 125
216 1569
216 212
216 120
216 215
216 416
216 386
216 211
216 546
216 102
216 217
216 1513
216 1568
216 203
120 66
120 94
120 79
120 87
120 1513
120 125
120 203
120 212
120 386
120 215
120 1570
120 1568
120 514
120 657
79 56
79 66
79 70
79 94
79 87
79 205
79 102
79 212
79 386
79 125
79 149
79 546
79 203
79 114
79 124
79 1513
79 215
79 1571
79 211
79 136
79 1570
79 307
79 1572
79 1568
79 217
79 657
79 1512
79 1573
79 1574
79 240
416 94
203 94
203 87
203 205
203 125
203 102
203 657
203 124
87 66
87 94
87 320
87 546
87 212
87 386
87 125
87 1513
87 114
87 514
87 215
87 307
87 217
87 657
87 1571
87 1575
87 1568
87 1570
94 56
94 66
94 68
94 70
94 212
94 1576
94 220
94 240
94 1577
94 1578
94 1579
94 1580
94 1581
94 109
94 1582
94 1583
94 148
94 1513
94 1584
94 1585
94 1512
94 1586
94 1587
94 215
94 1572
94 1588
94 1589
94 1590
94 92
94 217
94 1570
94 124
94 204
94 1591
94 1592
94 386
94 1593
94 102
94 657
94 1594
94 1595
94 1596
94 211
94 1597
94 1568
94 205
94 546
94 149
94 125
94 1598
94 1599
94 1600
94 307
94 1601
514 205
514 386
514 215
514 211
215 205
215 125
215 102
215 114
215 124
215 211
215 657
215 217
204 66
204 214
204 392
204 179
204 1602
214 114
214 392
214 421
421 650
125 66
125 521
125 212
125 1569
125 1568
114 66
114 1513
114 212
114 386
114 546
114 1570
114 1571
114 1568
205 1513
205 212
205 657
205 1568
205 1570
212 102
212 124
212 386
212 657
212 546
657 124
657 211
70 327
70 84
70 462
70 240
70 211
70 185
1513 211
1513 1568
1513 124
1513 102
165 66
165 74
165 105
165 1549
110 171
110 1603
110 1604
110 1605
66 1571
66 1606
66 1607
66 211
66 307
66 1570
66 124
1105 1496
1105 666
1105 1368
1105 1286
1105 1330
1105 1554
1105 1502
1105 1500
1105 1501
1105 1608
1105 769
1105 1551
1105 684
1105 1609
1105 1234
666 1610
666 1611
666 1612
666 727
666 1613
666 1614
666 108
666 1116
666 1615
666 1616
666 736
666 553
666 1617
666 722
666 80
666 1618
666 564
666 1485
666 1619
666 1620
666 1621
666 1622
666 1623
666 843
666 1624
666 1625
666 1626
666 1627
666 1628
666 1629
666 1380
666 1630
666 1631
666 1632
666 1633
666 558
666 1634
666 1635
1368 551
1368 858
1368 1321
1368 1289
1368 1151
1368 1636
1368 1150
1368 1475
1368 736
1368 1637
1368 1261
1368 1638
1368 1639
1368 720
1368 1640
1368 1641
1368 1180
1368 1282
1368 1268
1368 1143
1368 1642
1368 1643
1368 1145
1368 1644
1368 1371
1368 1176
1368 1645
1368 1276
1368 1646
1368 1647
1368 451
1368 558
1286 108
1330 551
1330 858
1330 1648
1330 1649
1330 1176
1330 1650
1330 1651
1330 1482
1330 1652
1330 1653
1330 1654
1330 1655
1330 1656
1330 1657
1330 1658
1330 1324
1330 1659
1330 1660
1330 1228
1330 1661
1330 1662
1330 1663
1330 1664
1330 1665
1330 793
1330 1666
1330 1667
1330 1200
1330 1668
1330 1669
1330 1303
1330 1670
1330 1671
1330 1672
1330 1673
1330 1674
1330 1675
1330 1676
1330 1677
1330 1678
1330 1679
1330 1680
1330 1681
1330 1682
1330 1683
1330 1292
1330 1684
1330 1685
1330 1321
1330 1686
1330 1687
1330 1688
1330 1689
1330 1690
1330 1691
1330 1692
1330 1693
1330 1694
1330 892
1330 1695
1330 1320
1330 553
1330 1696
1330 1697
1330 1698
1608 551
1608 1699
1608 1700
1608 1701
1608 564
1608 1638
1608 1702
1608 1703
1608 1704
1608 1644
1608 1705
1608 1189
1608 1091
1608 1706
1608 1482
1608 1707
1608 1708
1608 1709
1608 1710
1608 451
1608 1711
1608 1084
1608 1712
1608 1713
1608 1714
1551 108
334 210
108 721
108 1715
177 1716
177 1717
177 1718
177 176
177 101
177 150
257 256
80 721
80 1719
80 1720
550 1721
550 1722
550 1723
550 1724
550 839
550 1725
550 1726
550 1727
534 1728
695 236
704 713
704 1506
704 1508
704 739
704 828
704 538
526 451
713 538
713 828
739 828
739 538
538 1507
538 1509
538 828
171 150
171 105
171 176
171 1729
171 210
171 101
171 267
171 1548
171 282
171 1730
171 614
171 357
171 1731
171 178
171 313
171 634
171 306
171 116
171 420
171 283
171 284
171 1732
171 1733
171 188
539 979
238 232
1227 379
1321 1734
1646 1735
1646 1736
1646 1737
1646 1738
1646 1739
1646 1740
1646 1741
1646 1742
1646 1743
1646 1744
1646 1745
1646 1746
1646 1747
1646 1748
1646 1749
1646 1750
1646 1751
1646 1752
1646 1753
1665 1307
1680 1754
1292 1755
1292 1756
1320 1757
1287 359
1074 1078
1082 1096
119 105
119 1758
119 1759
105 64
105 176
105 1760
105 116
105 1603
105 409
105 178
105 301
105 374
105 282
1290 1761
1296 1762
1296 1763
1296 1764
1301 1313
1302 1765
1304 1307
1307 1766
1251 1328
1314 1767
1314 1768
1314 1769
379 378
226 1770
226 1771
359 374
210 343
210 337
210 582
210 634
210 1772
267 1548
267 101
267 634
267 529
357 150
374 1773
374 1774
374 438
101 74
101 150
101 1548
101 529
101 332
101 1775
101 100
101 176
101 106
101 300
101 221
101 438
101 1776
101 474
176 150
176 282
176 240
176 626
150 1777
150 1548
150 106
150 1732
150 1733
523 64
283 64
107 443
328 614
282 64
282 188
282 192
282 495
282 496
282 497
116 468
116 1567
116 1730
116 1778
116 192
224 74
1224 1779
1224 1342
1225 1266
976 979
1476 1347
1476 1348
1476 1346
1476 1780
1363 1358
1484 1781
1343 1782
244 265
74 547
74 218
74 122
92 650
92 1783
92 305
254 183
254 1784
261 1778
263 306
83 89
275 432
275 443
277 329
277 1785
290 1786
301 1731
310 659
142 228
183 106
183 1787
183 626
329 598
332 1776
343 500
219 395
219 519
219 624
361 1778
373 1788
373 665
386 211
386 1571
386 546
81 1387
81 86
81 85
81 1789
86 1790
86 1791
396 1792
56 1568
56 102
211 102
211 1571
211 1570
414 1793
414 1794
452 1795
471 1796
472 542
490 1797
89 1778
89 1603
1337 1798
1233 1269
1239 1255
1245 1799
1247 1249
1272 1800
1272 1801
1272 1802
1272 1803
545 1804
546 102
546 1569
547 1805
547 1804
217 124
517 1549
513 1792
513 1806
102 1569
102 1568
1553 1807
1553 1808
98 99
124 1570
124 1571
1606 1778
1606 1607
1607 1778
1607 1809
1607 1810
1607 1811
1607 1812
1607 1813
1607 1814
524 1815
1515 1529
1515 1816
1517 1536
1528 1529
1387 1817
1387 1818
1346 1347
1351 1819
1351 1820
1351 1821
1601 1822
975 979
977 979
1816 1823
1824 1825
1603 562
1603 1804
641 642
1826 1827
1828 1829
562 1778
1830 1831
1786 1832
1786 1833
1786 1834
1810 1812
1812 1814
542 1835
1792 1836
1837 1838
1797 1839
1840 1841
1842 1843
1842 1844
1842 1845
1846 1847
1757 1848
1757 1849
1757 1850
1851 1852
1853 1854
1855 1856
1819 1820
1857 1858
1859 1860
1861 1862
1863 1864
1864 1865
