0 1
0 2
3 4
5 6
7 8
9 10
11 12
11 13
11 14
11 15
11 16
17 18
17 19
20 21
22 23
22 21
24 25
24 26
27 28
27 29
27 30
31 32
31 33
31 34
31 35
31 36
31 37
31 38
31 39
31 40
31 41
31 42
31 43
31 44
31 45
31 19
31 46
31 47
31 48
31 49
31 50
31 51
31 52
53 54
53 55
56 57
56 58
59 60
61 62
61 63
61 64
61 65
66 67
68 69
68 70
71 72
73 74
75 76
77 78
79 32
26 24
26 80
26 81
26 82
26 83
84 85
84 86
87 88
87 89
87 90
87 91
92 93
92 94
95 45
29 27
96 97
96 98
99 100
99 101
99 102
99 103
99 51
99 104
99 105
99 106
99 107
99 108
99 109
99 110
111 112
113 19
113 114
113 115
113 52
113 32
113 116
117 118
119 120
121 122
123 124
125 126
127 47
127 42
127 19
127 128
127 129
127 33
127 130
127 52
131 132
133 134
112 135
136 137
136 138
136 139
136 140
136 141
136 142
142 136
143 51
143 144
145 146
145 147
132 148
132 149
150 151
152 19
152 153
154 155
154 156
157 19
157 52
158 159
47 33
47 160
47 161
47 31
47 127
162 36
134 113
134 51
134 163
134 48
134 37
164 165
164 166
167 32
168 169
168 170
4 171
172 173
172 174
172 175
176 177
178 179
178 180
178 181
178 182
178 183
178 184
178 185
186 64
187 188
187 189
187 64
187 190
191 35
191 192
193 41
193 194
195 196
195 197
198 199
198 149
198 148
198 200
198 183
198 201
198 184
198 179
202 51
203 52
204 205
206 207
206 208
209 210
211 212
213 214
215 93
85 86
85 84
51 216
51 217
51 218
51 219
51 19
51 220
51 221
51 50
51 222
51 223
51 32
51 202
51 35
51 224
51 143
51 225
51 226
51 40
51 227
51 31
51 109
51 39
51 93
51 94
51 228
51 229
51 34
51 230
51 99
51 52
51 134
51 231
51 48
51 232
51 41
51 36
233 234
233 235
236 188
237 238
239 240
241 242
243 244
243 245
246 247
246 248
246 249
118 117
250 46
251 5
252 253
254 255
254 115
256 257
258 189
217 51
217 221
259 260
259 261
259 104
259 262
259 109
263 19
263 45
263 264
263 35
263 265
266 267
266 240
266 268
266 269
266 270
266 239
271 272
271 273
274 275
274 276
277 278
279 19
280 115
280 281
280 282
280 264
280 43
280 114
163 134
283 41
283 44
284 285
284 286
287 288
289 33
290 146
290 145
290 291
290 292
293 294
293 57
295 296
295 51
295 224
86 85
86 84
297 70
297 19
298 299
298 36
298 300
301 302
301 303
301 304
64 186
64 305
64 306
64 188
64 307
64 212
64 308
64 309
262 260
262 259
310 311
310 19
312 272
110 103
110 99
110 52
110 106
110 104
110 5
110 175
110 51
110 101
110 109
110 313
110 314
110 107
110 315
110 50
110 6
316 179
316 89
317 318
317 260
317 101
317 35
317 48
98 96
319 19
33 47
33 36
33 32
33 320
33 19
33 46
33 321
33 44
33 289
33 51
33 322
33 127
33 45
33 31
33 129
33 35
33 175
188 64
188 323
188 187
188 324
188 65
188 325
188 326
188 318
188 236
188 260
18 17
327 328
329 114
330 331
330 332
232 220
232 51
232 333
232 334
325 188
325 6
223 109
223 335
223 226
223 51
223 336
223 110
223 105
223 337
338 31
338 50
338 37
338 339
338 49
338 19
338 51
338 52
338 36
340 282
104 99
104 51
104 313
104 106
104 100
104 101
104 107
159 158
341 46
341 19
341 292
249 326
249 342
249 246
249 51
249 343
249 344
249 345
57 294
57 346
57 58
57 56
347 348
349 350
351 352
353 69
354 19
270 355
270 291
270 112
356 357
356 358
356 359
356 360
268 315
106 107
106 361
106 362
106 101
106 104
106 99
183 185
183 182
183 363
183 200
183 201
183 184
183 179
183 198
183 364
183 181
183 180
183 178
313 365
366 52
181 184
181 201
181 183
367 368
369 370
369 371
372 373
372 374
372 375
376 276
248 51
248 52
248 175
377 323
230 378
230 379
230 380
230 381
230 51
230 264
230 382
230 19
230 383
384 294
385 386
348 347
226 337
226 109
226 260
226 51
226 326
226 40
226 50
226 223
42 387
42 388
389 36
389 227
390 391
129 127
129 261
392 393
165 394
165 142
165 164
395 184
395 261
395 396
395 110
395 104
395 397
395 109
398 103
399 400
399 401
205 204
205 402
403 404
105 99
105 50
105 103
105 100
105 107
105 101
405 406
405 338
400 399
400 407
400 408
409 410
411 52
184 364
184 201
184 178
184 412
184 265
184 413
184 182
184 309
184 200
184 395
184 414
184 415
184 148
184 149
184 179
184 416
184 417
184 183
184 418
184 199
184 181
184 185
36 162
36 282
36 419
36 50
36 31
36 227
36 19
36 51
36 420
36 43
36 52
36 322
36 421
36 35
36 298
36 389
422 309
357 358
357 356
357 360
357 359
404 403
240 239
315 221
315 423
315 52
315 313
315 49
315 110
315 217
315 109
315 223
315 424
315 425
315 426
315 216
315 231
315 427
269 428
429 430
431 432
433 195
433 434
435 436
437 19
278 277
278 438
227 43
227 282
227 36
227 419
227 389
439 440
439 332
62 61
441 318
442 443
442 444
442 445
442 446
442 447
442 448
442 275
442 449
442 450
442 451
442 318
442 452
453 326
264 280
264 263
264 115
264 230
264 19
264 454
264 455
264 43
264 281
456 457
456 13
456 458
456 459
456 460
229 248
461 462
463 115
149 416
149 199
149 464
149 201
149 148
149 184
149 198
465 115
466 467
468 101
309 260
309 184
309 432
309 469
309 64
309 422
19 51
19 470
19 471
19 310
19 69
19 472
19 264
19 152
19 127
19 473
19 381
19 45
19 474
19 475
19 32
19 454
19 113
19 476
19 285
19 319
19 263
19 48
19 477
19 383
19 157
19 341
19 478
19 238
19 338
19 37
19 479
19 414
19 279
19 480
19 115
19 378
19 481
19 52
19 36
19 482
19 483
19 31
19 354
19 484
19 485
19 486
19 487
19 437
19 35
19 43
19 33
19 488
19 489
19 230
19 406
19 382
19 380
19 297
19 490
491 492
169 168
169 170
201 181
201 198
201 416
201 184
201 148
201 149
493 494
495 332
495 496
497 498
497 499
497 35
500 501
352 351
502 503
502 203
358 360
358 359
358 356
358 357
360 359
360 356
360 358
360 357
504 465
427 315
505 506
505 507
508 509
43 19
43 426
43 32
43 115
43 510
43 31
43 114
43 46
43 42
43 51
43 280
43 45
43 227
43 264
43 36
43 263
43 282
43 52
43 50
43 281
43 511
43 454
43 35
512 37
94 92
94 93
94 51
94 513
156 154
386 249
386 385
514 515
516 332
517 518
517 519
517 520
517 521
517 235
517 522
49 31
49 338
49 249
49 217
49 51
49 221
49 315
475 19
475 523
261 260
261 104
261 129
261 396
524 406
199 198
199 148
199 416
199 184
199 149
525 192
525 64
525 35
525 189
222 51
526 527
526 528
526 529
530 474
530 486
530 531
530 532
533 534
535 536
378 381
378 19
378 537
378 230
378 471
471 19
471 378
474 486
474 538
474 532
474 530
474 539
474 19
474 540
474 531
541 152
542 260
543 544
391 545
546 547
52 45
52 114
52 5
52 548
52 366
52 315
52 335
52 50
52 549
52 127
52 157
52 6
52 36
52 203
52 400
52 51
52 411
52 471
52 550
52 44
52 19
52 35
551 44
551 52
551 400
551 175
551 548
334 232
552 553
552 554
552 555
552 556
557 48
265 263
265 35
265 511
55 53
539 532
539 531
539 474
539 486
539 530
197 195
558 559
560 561
562 545
563 564
563 565
566 64
566 223
567 257
567 30
567 487
568 569
568 153
570 492
571 43
571 311
550 52
550 318
550 43
550 572
498 497
573 355
573 496
574 575
440 332
576 23
114 113
114 280
114 43
114 329
577 578
579 580
381 378
581 449
430 582
430 429
318 109
318 188
318 441
318 260
583 50
144 143
50 35
50 44
50 36
50 223
50 45
50 51
50 48
50 19
50 226
50 39
50 224
50 583
50 105
50 110
50 52
50 336
50 40
50 31
272 271
272 273
584 585
420 380
420 583
420 227
420 419
420 36
420 378
420 389
420 254
586 33
587 588
80 589
80 590
591 592
591 593
74 73
155 156
155 154
101 99
101 107
101 103
101 104
101 468
101 100
101 110
101 105
101 106
594 595
596 597
598 462
598 350
200 185
200 364
200 416
200 184
200 599
200 464
600 267
600 232
601 426
326 453
326 260
326 226
326 337
326 188
602 603
413 184
413 183
371 369
604 251
605 220
605 64
605 374
606 577
606 578
545 562
545 607
281 115
608 215
109 337
109 557
109 106
109 104
109 107
109 336
109 223
109 5
109 51
109 326
109 99
109 260
109 396
109 226
109 6
109 19
109 335
609 610
611 240
611 536
425 231
425 374
65 188
328 612
328 327
572 318
572 101
613 614
185 599
185 615
185 178
185 200
185 364
616 617
616 618
619 551
235 233
311 189
311 620
311 571
311 310
621 622
623 249
624 204
625 84
625 626
625 582
625 627
625 318
194 193
189 51
189 311
189 628
189 187
189 64
189 69
166 142
629 630
631 273
450 239
450 442
538 474
509 508
108 254
108 192
108 510
108 43
108 632
108 99
108 540
108 474
633 212
633 634
633 635
636 637
636 638
636 40
324 188
324 226
639 249
639 104
639 326
639 109
639 260
292 290
292 530
292 486
292 640
292 641
642 643
126 264
126 125
126 644
107 99
107 109
107 106
107 105
107 110
107 101
622 621
622 52
275 365
13 69
13 324
37 19
37 46
37 134
37 51
37 45
37 44
37 512
37 35
37 338
37 36
37 645
37 646
37 32
37 48
37 31
37 647
388 42
388 387
180 184
180 179
180 200
180 183
180 364
180 185
180 178
648 649
220 51
220 333
618 650
618 335
618 651
561 560
561 652
653 654
655 656
282 227
282 36
282 280
282 511
282 43
282 263
282 32
657 529
658 451
470 19
593 592
212 64
614 613
454 264
454 115
454 19
260 639
260 188
260 69
260 226
260 309
260 318
260 261
260 262
260 160
260 326
260 335
260 484
260 109
260 337
659 660
547 661
547 662
547 546
67 663
664 665
652 560
652 561
481 666
481 516
481 19
499 35
662 547
662 546
667 358
412 201
412 181
412 184
32 668
32 167
32 669
32 79
32 670
32 671
32 31
32 19
32 282
32 33
32 672
32 217
32 37
32 43
32 35
32 45
32 51
32 113
32 115
1 470
1 0
46 52
46 45
46 673
46 31
46 51
46 44
46 33
46 35
46 19
46 36
46 37
46 115
46 43
46 32
46 50
46 250
46 41
674 10
675 89
668 32
676 677
676 678
676 679
676 394
676 31
676 680
681 273
682 631
682 683
682 273
682 271
682 665
288 287
487 19
40 50
40 638
40 223
40 226
40 51
40 337
40 637
684 486
335 223
335 685
335 51
335 336
335 52
626 391
626 321
686 687
688 33
688 180
688 114
688 113
689 690
361 380
361 300
361 466
361 106
361 394
361 19
361 691
361 138
361 692
361 485
361 318
592 593
592 693
646 37
694 112
416 201
416 199
416 149
416 200
416 184
416 148
449 140
449 581
449 442
695 696
695 697
141 136
141 698
219 51
534 533
534 699
69 70
69 326
69 260
192 525
192 191
192 108
276 274
276 275
276 700
276 376
462 461
374 701
374 48
374 702
703 486
703 530
242 186
242 241
704 705
704 248
359 356
359 358
359 360
359 357
253 706
383 19
38 31
365 313
365 135
628 189
432 431
432 326
432 707
432 249
432 309
432 104
102 103
102 99
683 682
615 185
285 19
285 708
709 710
711 712
643 642
643 317
713 714
713 715
713 716
713 717
713 718
713 719
713 720
713 594
713 451
713 292
713 721
713 722
713 723
713 724
713 725
713 153
726 727
726 728
559 558
406 19
406 524
406 729
406 52
406 338
28 730
28 27
34 51
34 31
575 731
575 268
575 574
575 732
305 64
733 189
734 735
736 737
540 532
540 474
540 539
540 486
489 19
306 64
738 739
740 741
231 51
231 315
231 427
231 216
729 406
459 742
459 456
743 532
743 272
743 594
743 718
523 475
45 43
45 46
45 52
45 42
45 44
45 51
45 33
45 223
45 31
45 32
45 19
45 50
45 95
45 35
45 48
45 263
45 548
45 113
45 744
45 37
486 745
486 539
486 532
486 324
486 289
486 703
486 474
486 531
486 530
486 101
486 540
486 746
486 747
486 641
486 538
486 748
486 19
100 101
100 103
100 104
100 749
100 105
100 99
710 709
710 38
238 750
238 19
238 751
238 752
238 237
44 45
44 46
44 283
44 33
44 753
44 31
44 52
160 260
160 109
160 223
660 529
660 527
362 336
362 106
362 51
362 103
273 681
273 271
273 631
273 272
754 755
756 757
756 758
756 60
89 87
759 35
759 760
707 761
707 432
707 400
707 762
707 441
707 758
25 24
308 64
730 28
654 653
21 763
21 22
21 20
115 463
115 280
115 254
115 19
115 281
115 428
115 511
115 465
115 52
115 454
115 255
115 764
115 113
115 32
115 765
115 43
115 264
115 263
115 35
766 93
6 5
6 260
767 768
767 769
407 487
407 13
407 400
407 240
407 19
247 246
770 771
255 115
255 254
255 280
582 772
426 761
426 42
426 685
426 217
426 773
426 116
426 221
426 601
426 43
426 315
426 52
426 774
426 549
620 311
532 531
532 486
479 19
170 169
267 266
267 600
332 439
332 516
332 331
332 495
332 496
332 440
332 775
776 427
531 474
531 532
473 19
473 31
473 777
473 778
529 526
529 527
529 528
529 660
529 779
529 657
780 646
781 665
699 534
699 533
782 783
58 57
58 336
140 778
140 146
140 136
140 449
784 785
196 195
779 529
786 787
103 102
103 99
103 425
103 110
103 548
103 100
103 101
103 105
103 400
103 398
103 104
103 362
137 136
137 788
789 335
789 45
638 40
790 665
791 496
578 792
578 577
578 793
578 606
355 270
333 220
794 500
795 796
477 13
477 19
477 797
798 799
798 800
798 163
798 487
798 801
798 153
798 802
798 152
798 146
798 133
803 64
803 212
346 57
179 185
179 178
179 183
179 184
179 182
179 316
179 180
179 364
179 198
179 181
179 201
179 363
476 57
476 19
476 52
139 804
139 136
402 205
190 718
190 187
190 264
294 805
294 384
564 565
806 807
806 718
644 777
808 665
809 175
93 51
93 766
93 94
93 92
810 811
810 268
810 496
810 812
527 529
182 179
182 416
182 178
182 184
813 814
60 31
60 378
60 758
60 815
60 59
60 816
60 19
60 273
60 817
60 267
60 757
410 409
480 818
480 19
480 819
752 238
296 820
296 224
296 821
296 295
821 296
153 152
822 72
336 50
336 335
336 223
39 51
175 809
175 248
175 551
175 172
761 35
823 824
823 275
496 810
496 495
496 332
225 222
225 51
825 801
820 224
820 296
640 292
690 689
690 249
690 259
826 827
826 54
826 53
673 46
824 189
414 184
414 19
488 480
488 19
828 829
35 759
35 51
35 525
35 761
35 50
35 265
35 45
35 43
35 19
35 497
35 32
35 31
35 263
35 499
35 48
35 830
35 36
35 322
35 115
35 52
35 33
831 832
831 833
834 835
834 261
834 431
836 837
838 839
72 71
72 822
72 840
72 19
469 422
469 309
841 837
837 836
839 76
839 838
421 36
421 114
148 132
148 199
148 149
148 201
148 184
148 416
148 198
419 227
419 36
300 323
701 374
221 426
221 49
221 217
221 315
842 843
844 646
844 257
844 355
472 19
830 35
845 846
41 283
41 31
41 46
41 455
41 51
245 243
700 276
793 578
408 400
847 726
847 728
847 727
848 184
753 44
849 850
851 852
853 854
855 291
855 856
855 240
715 713
478 19
857 13
323 300
323 377
323 188
323 260
363 364
363 181
363 179
858 681
858 859
858 860
858 861
862 863
864 865
866 867
868 317
869 868
869 317
216 870
216 231
216 51
216 423
871 496
48 557
48 51
48 374
48 45
48 31
48 19
48 50
48 36
744 45
151 150
460 456
872 496
872 276
872 268
872 495
872 501
872 873
135 365
63 61
63 558
224 295
224 50
224 51
224 296
224 217
224 202
364 181
364 200
364 363
364 179
364 184
364 185
364 183
484 115
484 19
484 260